%YAML:1.0
---
e_vectors: !!opencv-matrix
   rows: 20
   cols: 128
   dt: f
   data: [ -1.09549295e-02, -1.31265223e-02, -4.57122959e-02,
       -2.09828988e-02, -5.65097481e-02, -2.80245095e-02,
       -2.51832921e-02, -7.67075317e-03, -4.55418974e-03,
       -4.37236056e-02, -7.52840489e-02, -6.72454834e-02,
       -8.78285244e-02, -2.34649479e-02, 2.31190547e-02, 6.42878935e-02,
       -8.87343585e-02, -6.80701435e-02, -6.14092983e-02,
       -2.28926539e-02, -3.52748446e-02, 3.93744819e-02, 3.06935776e-02,
       -1.30217774e-02, -5.24503440e-02, -1.70131177e-02,
       -3.52063738e-02, -1.37895157e-04, -1.09722074e-02,
       -1.07915821e-02, -2.95546167e-02, -3.30648683e-02, 6.40318021e-02,
       -1.00390632e-02, -4.38251086e-02, -2.45226920e-02,
       -7.09512606e-02, -5.32834381e-02, -7.54056126e-02, 4.54466557e-03,
       2.32797161e-01, -1.64897610e-02, -1.31196797e-01, -1.59486249e-01,
       -1.98474377e-01, -2.26789508e-02, 1.18542954e-01, 2.41390601e-01,
       -2.20805421e-01, -1.60812199e-01, -1.05974957e-01, 2.36064345e-02,
       2.04548478e-01, 2.22911924e-01, 1.39173254e-01, 1.33930854e-02,
       -7.75234252e-02, -1.85212102e-02, -2.79689301e-02, 7.88407215e-06,
       3.12154386e-02, 3.19663738e-03, -6.76034987e-02, -3.38554122e-02,
       5.90065792e-02, -6.12987438e-03, -7.77994916e-02, -4.60914671e-02,
       -6.46774843e-02, -2.51654144e-02, -3.51674035e-02,
       -7.17258500e-03, 2.30505988e-01, 2.39411339e-01, 1.25000834e-01,
       -9.84276645e-03, -2.03894556e-01, -1.70181945e-01,
       -1.21629879e-01, -8.14069901e-03, -2.22248286e-01, 1.04642715e-02,
       1.45048559e-01, 2.41880268e-01, 1.98764086e-01, 6.88119140e-03,
       -1.05666921e-01, -1.50490671e-01, -7.30965957e-02,
       -3.25545892e-02, -5.92179000e-02, 1.39147453e-02, 3.39042544e-02,
       -2.58990168e-03, -3.40666361e-02, -1.32926321e-02,
       -2.02647131e-02, -1.15163308e-02, -3.22795734e-02,
       -3.17413956e-02, -4.69000041e-02, -1.10297622e-02,
       -3.03379726e-02, -1.33665456e-02, -2.39898339e-02, 6.81912377e-02,
       2.65430473e-02, -1.74224246e-02, -8.61108974e-02, -6.85973838e-02,
       -6.06048480e-02, -3.56895477e-02, -9.13039744e-02,
       -3.31600336e-03, 3.81559022e-02, 4.59327623e-02, -2.75765155e-02,
       -2.67874915e-02, -6.43788651e-02, -6.52500615e-02,
       -4.09695506e-02, -2.44026724e-02, -2.11618859e-02,
       -2.59163440e-03, -2.86320015e-03, -7.49741099e-04,
       -3.26576009e-02, -3.55955772e-03, 7.40500987e-02, 2.19981074e-02,
       1.01713218e-01, 2.01681983e-02, 7.08036125e-02, 3.02911252e-02,
       1.14334896e-01, 4.34648842e-02, 3.74252582e-03, 1.67330913e-02,
       9.22767520e-02, -7.66555080e-03, 1.00336388e-01, 5.01040518e-02,
       1.46861106e-01, 9.51118825e-04, -5.35247140e-02, -1.36613743e-02,
       1.20147862e-01, 1.91397518e-02, 1.22264013e-01, 5.66484854e-02,
       1.35866955e-01, -2.97300518e-02, 3.89803164e-02, 2.87207179e-02,
       1.03991017e-01, 1.66933313e-02, 6.32320121e-02, 3.95118557e-02,
       1.14095017e-01, -6.20161835e-03, 5.64329699e-02, 5.42571768e-02,
       1.65310442e-01, 2.72692665e-02, 6.92638606e-02, 2.18643565e-02,
       1.80488244e-01, 6.43250495e-02, -2.69413013e-02, 3.21594104e-02,
       1.64858475e-01, -5.30862026e-02, 3.18392776e-02, 2.61705238e-02,
       2.04673052e-01, -3.12519842e-03, -1.25120044e-01, -7.02066198e-02,
       1.80376738e-01, 2.29542255e-02, 9.05118510e-02, 4.27513570e-02,
       2.06590950e-01, 6.12251041e-03, 1.17368121e-02, 4.20104712e-02,
       1.73333794e-01, 4.91299033e-02, 7.23293051e-02, 3.59803066e-02,
       1.61050573e-01, 2.05987357e-02, 5.86813241e-02, 6.31403103e-02,
       1.87763572e-01, 3.37299779e-02, 6.48074970e-02, 1.56779699e-02,
       1.61422610e-01, 6.69722185e-02, -4.40008678e-02, -8.85842741e-03,
       2.05252692e-01, 4.30091247e-02, 3.67762297e-02, -6.83050603e-02,
       1.69143766e-01, 3.56244817e-02, -1.22315601e-01, 1.17195277e-02,
       2.08409086e-01, 2.04735436e-02, 9.89864469e-02, 3.29091176e-02,
       1.69357300e-01, -6.74947500e-02, -1.45341558e-02, 3.60461622e-02,
       1.77670002e-01, 4.46523353e-02, 7.84506723e-02, 4.67607118e-02,
       1.64941117e-01, 1.75756775e-02, 5.41298352e-02, 4.18714248e-02,
       1.22653320e-01, 1.53033696e-02, 8.18959177e-02, 2.09867582e-02,
       1.07004821e-01, 2.54395548e-02, -4.77771944e-04, 2.31373427e-03,
       1.53390527e-01, 3.99410538e-02, 8.57652798e-02, -3.82648373e-04,
       1.06548853e-01, 5.36998315e-03, -5.21857738e-02, -1.26055034e-03,
       1.35950714e-01, 4.90395762e-02, 1.36815682e-01, 3.73644494e-02,
       1.12651289e-01, -3.18598673e-02, 2.66308095e-02, 6.70685666e-03,
       1.03783451e-01, 3.08395550e-02, 6.56148419e-02, 2.96987966e-02,
       1.16700254e-01, 1.77416038e-02, 6.25097305e-02, 9.43166669e-03,
       -4.64273542e-02, -2.40836255e-02, -9.02705938e-02, 1.30105321e-03,
       8.21383074e-02, 4.48711142e-02, -3.31812143e-01, -3.73961292e-02,
       5.67768887e-02, 9.13619250e-02, 2.05890372e-01, 6.22504167e-02,
       8.84447619e-03, -1.03792191e-01, 1.45672366e-01, 7.94261545e-02,
       5.29246107e-02, -6.05983250e-02, -2.37005472e-01, -5.76272644e-02,
       -7.76878325e-03, 3.42821032e-02, -7.01138154e-02, -3.31515446e-02,
       -9.23123360e-02, -3.32384519e-02, 3.61331217e-02, 4.57310341e-02,
       1.02267407e-01, 7.30715739e-03, -7.14770705e-02, 4.70439345e-02,
       1.63716465e-01, 7.65771121e-02, 6.39777184e-02, -2.54972391e-02,
       -1.51938677e-01, -5.05475178e-02, -2.51787156e-02, 2.55272090e-02,
       -3.14423516e-02, 3.04743350e-02, 1.05503369e-02, 2.08282135e-02,
       1.01465672e-01, 3.36054265e-02, -1.68514494e-02, 1.14918649e-02,
       -5.76259904e-02, -3.03670224e-02, -1.53376041e-02, 5.62562980e-02,
       1.14763975e-01, 2.75436845e-02, 3.53517011e-02, 4.47484814e-02,
       1.51825026e-01, 2.65008938e-02, -4.61210646e-02, -5.15716411e-02,
       -1.72240973e-01, -3.05109657e-02, -5.95347695e-02,
       -6.07281476e-02, -1.73752829e-01, -2.78985705e-02, 5.17279916e-02,
       6.06267713e-02, 1.65885448e-01, 5.50154001e-02, -2.59349477e-02,
       2.36572027e-02, 1.00325644e-01, 2.01901179e-02, 1.90769769e-02,
       2.55626068e-02, -4.88730446e-02, 1.14395302e-02, -9.64394584e-03,
       2.50510052e-02, 1.03213727e-01, 2.29429975e-02, 1.57681934e-03,
       6.51683379e-03, -5.91571592e-02, -2.15038410e-04, 4.62358221e-02,
       -3.28119136e-02, -1.70792922e-01, -5.90738170e-02,
       -4.80147861e-02, 3.51816379e-02, 1.48984537e-01, 5.50417900e-02,
       4.47068512e-02, 3.71637717e-02, 8.92131776e-02, 1.35448156e-02,
       -7.16641247e-02, -3.33272628e-02, -9.12590623e-02,
       -5.72827645e-03, -2.95629084e-01, -1.06034696e-01,
       -1.81326736e-02, 5.04632778e-02, 2.02520713e-01, 8.71523395e-02,
       3.87286097e-02, -5.09192050e-02, 1.96848035e-01, 5.07373959e-02,
       -8.77845753e-03, -9.33763161e-02, -2.52719164e-01,
       -5.84458821e-02, 2.35894993e-02, 7.91269690e-02, -8.90377238e-02,
       2.16440647e-03, 7.17700198e-02, 3.65174673e-02, 6.25799075e-02,
       -1.88351199e-02, -8.45804289e-02, -3.38762514e-02,
       -1.48266166e-01, -1.08710229e-02, 2.53318604e-02, 3.00658611e-03,
       -1.39956679e-02, -1.15109850e-02, -5.32387383e-02,
       -2.81422343e-02, -2.88795412e-01, -1.97000336e-02, 6.33048220e-03,
       5.83840488e-03, -1.09291591e-01, -2.46560164e-02, 6.14293329e-02,
       -5.18855192e-02, -2.76420772e-01, -2.62993108e-02,
       -3.64207923e-02, -7.98759386e-02, -1.09638512e-01, 6.95430860e-02,
       7.80320168e-02, -1.00269839e-01, -3.93168405e-02, -1.57969091e-02,
       -3.14290710e-02, -1.12529404e-01, -1.44233033e-01, 5.63399261e-03,
       -5.26280254e-02, -2.71016024e-02, -4.89409305e-02,
       -2.95638721e-02, -9.84899178e-02, -3.20906937e-02,
       -5.58998473e-02, -1.49044208e-02, 3.12577151e-02, 4.90694828e-02,
       -1.75581902e-01, 3.77991535e-02, 7.51438364e-02, 1.59587249e-01,
